0 0.5016666666666667 0.8429203539823009 0.13 0.18141592920353983
0 0.8016666666666666 0.7765486725663717 0.10333333333333333 0.17256637168141592
0 0.805 0.5796460176991151 0.08333333333333333 0.1415929203539823
0 0.9083333333333333 0.49336283185840707 0.056666666666666664 0.084070796460177
0 0.5233333333333333 0.5973451327433629 0.08666666666666667 0.11504424778761062
0 0.6166666666666667 0.4225663716814159 0.05333333333333334 0.084070796460177
0 0.37833333333333335 0.504424778761062 0.07666666666666666 0.08849557522123894
0 0.185 0.41814159292035397 0.06333333333333334 0.06637168141592921
0 0.19333333333333333 0.581858407079646 0.09333333333333334 0.11061946902654868
0 0.135 0.7809734513274337 0.11666666666666667 0.13716814159292035
