0 0.21627906976744185 0.3065953654188948 0.24186046511627907 0.26737967914438504
0 0.2930232558139535 0.6229946524064172 0.23255813953488372 0.25846702317290554
0 0.3813953488372093 0.8939393939393939 0.22325581395348837 0.20499108734402852
0 0.20116279069767443 0.8163992869875223 0.1558139534883721 0.19964349376114082
0 0.14534883720930233 0.5659536541889483 0.1697674418604651 0.23351158645276293
0 0.056976744186046514 0.2816399286987522 0.1 0.23172905525846701
0 0.031395348837209305 0.5409982174688057 0.05813953488372093 0.19429590017825313
0 0.053488372093023255 0.7361853832442068 0.10697674418604651 0.18538324420677363
0 0.12790697674418605 0.93048128342246 0.13953488372093023 0.1319073083778966
0 0.7802325581395348 0.9714795008912656 0.1186046511627907 0.06060606060606061
0 0.936046511627907 0.9393939393939394 0.12325581395348838 0.09269162210338681
