0 0.428 0.508 0.164 0.21066666666666667
0 0.566 0.4266666666666667 0.128 0.18133333333333335
0 0.697 0.5093333333333333 0.146 0.176
0 0.549 0.68 0.138 0.18133333333333335
0 0.671 0.7066666666666667 0.142 0.18133333333333335
0 0.516 0.7853333333333333 0.14 0.13066666666666665
0 0.328 0.444 0.088 0.09866666666666667
0 0.306 0.7226666666666667 0.144 0.16533333333333333
0 0.422 0.788 0.1 0.11466666666666667
0 0.619 0.596 0.102 0.09866666666666667
0 0.654 0.38133333333333336 0.084 0.11733333333333333
0 0.351 0.528 0.07 0.16533333333333333
