0 0.435 0.6546666666666666 0.09 0.12
0 0.471 0.5546666666666666 0.082 0.112
0 0.703 0.48533333333333334 0.074 0.10666666666666667
0 0.799 0.36933333333333335 0.062 0.072
0 0.83 0.316 0.044 0.07733333333333334
0 0.873 0.3293333333333333 0.054 0.06666666666666667
0 0.907 0.31066666666666665 0.038 0.056
0 0.95 0.356 0.06 0.06666666666666667
0 0.754 0.30266666666666664 0.052 0.06133333333333333
0 0.787 0.2826666666666667 0.038 0.05333333333333334
0 0.605 0.31066666666666665 0.042 0.06666666666666667
0 0.629 0.2613333333333333 0.038 0.048
0 0.56 0.2853333333333333 0.048 0.064
0 0.478 0.3546666666666667 0.056 0.08
0 0.443 0.3933333333333333 0.07 0.08266666666666667
0 0.361 0.43333333333333335 0.058 0.088
0 0.31 0.37333333333333335 0.064 0.07466666666666667
0 0.317 0.2906666666666667 0.046 0.06933333333333333
0 0.353 0.25866666666666666 0.046 0.058666666666666666
0 0.238 0.42133333333333334 0.06 0.096
0 0.082 0.4013333333333333 0.06 0.09866666666666667
0 0.193 0.4013333333333333 0.062 0.08266666666666667
