0 0.36 0.772 0.044 0.06133333333333333
0 0.546 0.7853333333333333 0.044 0.050666666666666665
0 0.598 0.8 0.052 0.058666666666666666
0 0.854 0.9186666666666666 0.048 0.06666666666666667
0 0.89 0.7573333333333333 0.044 0.058666666666666666
0 0.65 0.6466666666666666 0.036 0.04533333333333334
0 0.585 0.6706666666666666 0.042 0.04533333333333334
0 0.552 0.6346666666666667 0.04 0.048
0 0.491 0.6066666666666667 0.038 0.06666666666666667
0 0.458 0.6386666666666667 0.036 0.050666666666666665
0 0.396 0.6013333333333334 0.04 0.050666666666666665
0 0.375 0.576 0.034 0.042666666666666665
0 0.396 0.5373333333333333 0.032 0.050666666666666665
0 0.227 0.54 0.034 0.050666666666666665
0 0.184 0.5733333333333334 0.044 0.05333333333333334
0 0.061 0.48933333333333334 0.038 0.04
0 0.065 0.448 0.034 0.042666666666666665
0 0.027 0.48533333333333334 0.03 0.037333333333333336
0 0.301 0.44133333333333336 0.038 0.034666666666666665
0 0.534 0.42933333333333334 0.032 0.042666666666666665
0 0.64 0.4826666666666667 0.04 0.037333333333333336
0 0.757 0.472 0.034 0.042666666666666665
0 0.775 0.5146666666666667 0.058 0.037333333333333336
0 0.823 0.5373333333333333 0.03 0.04
0 0.823 0.5786666666666667 0.034 0.037333333333333336
0 0.86 0.5706666666666667 0.028 0.037333333333333336
0 0.987 0.42933333333333334 0.022 0.042666666666666665
0 0.587 0.368 0.026 0.037333333333333336
0 0.678 0.384 0.036 0.032
0 0.669 0.416 0.03 0.032
0 0.646 0.45066666666666666 0.032 0.02666666666666667
0 0.487 0.38133333333333336 0.026 0.037333333333333336
0 0.373 0.3253333333333333 0.034 0.037333333333333336
0 0.392 0.30133333333333334 0.024 0.02666666666666667
0 0.81 0.31866666666666665 0.028 0.034666666666666665
0 0.915 0.27066666666666667 0.026 0.04533333333333334
0 0.959 0.2613333333333333 0.042 0.05333333333333334
0 0.769 0.26666666666666666 0.038 0.058666666666666666
0 0.715 0.2733333333333333 0.05 0.050666666666666665
0 0.383 0.15866666666666668 0.034 0.034666666666666665
0 0.397 0.136 0.034 0.02666666666666667
0 0.686 0.028 0.024 0.034666666666666665
0 0.55 0.15866666666666668 0.116 0.050666666666666665
0 0.439 0.176 0.03 0.02666666666666667
0 0.432 0.23466666666666666 0.048 0.058666666666666666
0 0.465 0.19466666666666665 0.034 0.042666666666666665
0 0.48 0.23866666666666667 0.044 0.050666666666666665
0 0.525 0.24933333333333332 0.026 0.029333333333333333
0 0.517 0.21333333333333335 0.046 0.042666666666666665
0 0.606 0.232 0.136 0.07466666666666667
0 0.731 0.2 0.086 0.058666666666666666
0 0.781 0.14933333333333335 0.034 0.042666666666666665
0 0.856 0.19466666666666665 0.064 0.058666666666666666
0 0.984 0.17733333333333334 0.028 0.04
0 0.897 0.12933333333333333 0.026 0.034666666666666665
0 0.82 0.12933333333333333 0.028 0.024
0 0.858 0.14266666666666666 0.04 0.050666666666666665
0 0.164 0.20933333333333334 0.036 0.029333333333333333
0 0.254 0.20266666666666666 0.032 0.037333333333333336
0 0.261 0.25066666666666665 0.018 0.032
0 0.261 0.2773333333333333 0.026 0.02666666666666667
0 0.192 0.296 0.044 0.05333333333333334
0 0.104 0.21466666666666667 0.052 0.04533333333333334
0 0.117 0.2653333333333333 0.118 0.056
0 0.014 0.31333333333333335 0.02 0.04
0 0.814 0.32133333333333336 0.044 0.04
0 0.901 0.5586666666666666 0.05 0.056
