0 0.778 0.25975975975975973 0.088 0.14714714714714713
0 0.583 0.3948948948948949 0.078 0.12912912912912913
0 0.511 0.42342342342342343 0.09 0.13213213213213212
0 0.645 0.5315315315315315 0.098 0.13213213213213212
0 0.7 0.7672672672672672 0.076 0.14114114114114115
0 0.444 0.7402402402402403 0.092 0.14714714714714713
0 0.374 0.6486486486486487 0.08 0.13213213213213212
0 0.312 0.5795795795795796 0.084 0.13213213213213212
0 0.26 0.7192192192192193 0.064 0.1111111111111111
0 0.201 0.7072072072072072 0.054 0.10510510510510511
0 0.144 0.6921921921921922 0.06 0.0990990990990991
0 0.109 0.7972972972972973 0.058 0.09309309309309309
0 0.052 0.7372372372372372 0.052 0.08108108108108109
