0 0.137 0.7239263803680982 0.146 0.15950920245398773
0 0.196 0.6042944785276073 0.14 0.15337423312883436
0 0.246 0.7014314928425358 0.12 0.1390593047034765
0 0.39 0.7259713701431493 0.14 0.1554192229038855
0 0.5 0.6840490797546013 0.108 0.12065439672801637
0 0.595 0.7515337423312883 0.13 0.12883435582822086
0 0.726 0.7423312883435583 0.148 0.15132924335378323
0 0.856 0.7515337423312883 0.132 0.1411042944785276
0 0.774 0.6411042944785276 0.132 0.12883435582822086
0 0.671 0.5869120654396728 0.126 0.11860940695296524
0 0.564 0.6053169734151329 0.128 0.12678936605316973
0 0.43 0.5644171779141104 0.112 0.12678936605316973
0 0.316 0.5787321063394683 0.108 0.09815950920245399
0 0.253 0.4918200408997955 0.126 0.1411042944785276
0 0.388 0.4447852760736196 0.112 0.12883435582822086
0 0.496 0.46421267893660534 0.116 0.130879345603272
0 0.614 0.47137014314928427 0.124 0.1165644171779141
0 0.727 0.5 0.114 0.12065439672801637
0 0.671 0.3967280163599182 0.122 0.11042944785276074
0 0.549 0.38445807770961143 0.118 0.11860940695296524
0 0.444 0.3445807770961145 0.104 0.1083844580777096
0 0.319 0.36809815950920244 0.142 0.10633946830265849
0 0.377 0.278118609406953 0.098 0.09406952965235174
0 0.43 0.21574642126789367 0.096 0.1083844580777096
0 0.495 0.2770961145194274 0.09 0.08793456032719836
0 0.59 0.2965235173824131 0.112 0.10633946830265849
0 0.547 0.21779141104294478 0.118 0.10020449897750511
0 0.489 0.1523517382413088 0.094 0.09202453987730061
