0 0.238 0.9324324324324325 0.168 0.12681912681912683
0 0.625 0.9677754677754677 0.138 0.06444906444906445
0 0.696 0.5280665280665281 0.124 0.1288981288981289
0 0.469 0.6185031185031185 0.142 0.12266112266112267
0 0.805 0.5051975051975052 0.122 0.11642411642411643
0 0.92 0.4916839916839917 0.116 0.11850311850311851
0 0.845 0.33783783783783783 0.114 0.12681912681912683
0 0.756 0.28482328482328484 0.104 0.10395010395010396
0 0.716 0.3575883575883576 0.104 0.10810810810810811
0 0.627 0.38565488565488565 0.118 0.10602910602910603
0 0.54 0.31496881496881496 0.108 0.10187110187110188
0 0.548 0.2442827442827443 0.104 0.11850311850311851
0 0.668 0.19230769230769232 0.108 0.11850311850311851
0 0.421 0.43555093555093555 0.122 0.1101871101871102
0 0.36 0.341995841995842 0.108 0.13097713097713098
0 0.171 0.3731808731808732 0.106 0.0893970893970894
0 0.159 0.4397089397089397 0.114 0.1101871101871102
0 0.183 0.5301455301455301 0.11 0.10395010395010396
0 0.074 0.45322245322245325 0.108 0.12474012474012475
0 0.173 0.27234927234927236 0.114 0.12474012474012475
0 0.352 0.17775467775467776 0.1 0.11850311850311851
0 0.484 0.08627858627858628 0.1 0.11434511434511435
0 0.575 0.09043659043659044 0.09 0.10187110187110188
0 0.319 0.04677754677754678 0.098 0.08523908523908524
0 0.409 0.0446985446985447 0.086 0.08108108108108109
