0 0.152 0.7312312312312312 0.192 0.2912912912912913
0 0.444 0.8483483483483484 0.2 0.27927927927927926
0 0.6 0.7162162162162162 0.18 0.2552552552552553
0 0.407 0.5465465465465466 0.142 0.18618618618618618
0 0.617 0.484984984984985 0.15 0.1891891891891892
0 0.632 0.30930930930930933 0.1 0.13213213213213212
0 0.884 0.9234234234234234 0.208 0.14114114114114115
0 0.886 0.7807807807807807 0.188 0.23423423423423423
0 0.827 0.6381381381381381 0.15 0.21921921921921922
0 0.884 0.5255255255255256 0.132 0.18618618618618618
0 0.944 0.44744744744744747 0.104 0.16816816816816818
0 0.856 0.32882882882882886 0.116 0.14714714714714713
0 0.97 0.26876876876876876 0.06 0.11711711711711711
0 0.94 0.17417417417417416 0.056 0.09009009009009009
0 0.983 0.12312312312312312 0.03 0.08408408408408409
0 0.897 0.08408408408408409 0.05 0.06006006006006006
0 0.795 0.09759759759759759 0.05 0.06306306306306306
0 0.77 0.16216216216216217 0.048 0.07207207207207207
0 0.765 0.2777777777777778 0.074 0.10510510510510511
0 0.6 0.17717717717717718 0.068 0.07807807807807808
0 0.669 0.028528528528528527 0.038 0.04504504504504504
0 0.571 0.24174174174174173 0.054 0.0990990990990991
0 0.449 0.3843843843843844 0.126 0.14414414414414414
0 0.455 0.2897897897897898 0.086 0.10510510510510511
0 0.26 0.3948948948948949 0.112 0.15315315315315314
0 0.18 0.3588588588588589 0.096 0.15315315315315314
0 0.167 0.2807807807807808 0.086 0.10510510510510511
0 0.036 0.3003003003003003 0.068 0.16216216216216217
0 0.128 0.17717717717717718 0.056 0.09009009009009009
0 0.24 0.1816816816816817 0.068 0.0990990990990991
0 0.324 0.24624624624624625 0.072 0.1021021021021021
0 0.387 0.1906906906906907 0.058 0.08708708708708708
0 0.453 0.15165165165165165 0.058 0.08708708708708708
0 0.301 0.0990990990990991 0.042 0.07207207207207207
0 0.094 0.0960960960960961 0.048 0.06606606606606606
0 0.041 0.09309309309309309 0.046 0.06606606606606606
