0 169 278 22 23
0 262 285 22 19
0 286 289 26 22
0 415 332 24 25
0 434 273 22 22
0 316 234 18 17
0 282 243 21 17
0 266 229 20 18
0 236 215 19 25
0 220 230 18 19
0 188 216 20 19
0 179 208 17 16
0 190 192 16 19
0 105 193 17 19
0 81 205 22 20
0 21 176 19 15
0 24 160 17 16
0 6 175 15 14
0 141 159 19 13
0 259 153 16 16
0 310 174 20 14
0 370 169 17 16
0 373 186 29 14
0 404 194 15 15
0 403 210 17 14
0 423 207 14 14
0 488 153 11 16
0 287 131 13 14
0 330 138 18 12
0 327 150 15 12
0 315 164 16 10
0 237 136 13 14
0 178 115 17 14
0 190 108 12 10
0 398 113 14 13
0 451 93 13 17
0 469 88 21 20
0 375 89 19 22
0 345 93 25 19
0 183 53 17 13
0 190 46 17 10
0 337 4 12 13
0 246 50 58 19
0 212 61 15 10
0 204 77 24 22
0 224 65 17 16
0 229 80 22 19
0 256 88 13 11
0 247 72 23 16
0 269 73 68 28
0 344 64 43 22
0 382 48 17 16
0 412 62 32 22
0 485 59 14 15
0 442 42 13 13
0 403 44 14 9
0 419 44 20 19
0 73 73 18 11
0 119 69 16 14
0 126 88 9 12
0 124 99 13 10
0 85 101 22 20
0 39 72 26 17
0 29 89 59 21
0 2 110 10 15
0 396 113 22 15
0 438 199 25 21
