0 28 195 96 97
0 172 236 100 93
0 255 196 90 85
0 168 151 71 62
0 271 130 75 63
0 291 81 50 44
0 390 284 104 47
0 396 221 94 78
0 376 176 75 73
0 409 144 66 62
0 446 121 52 56
0 399 85 58 49
0 470 70 30 39
0 456 43 28 30
0 484 27 15 28
0 436 18 25 20
0 385 22 25 21
0 373 42 24 24
0 364 75 37 35
0 283 46 34 26
0 325 2 19 15
0 272 64 27 33
0 193 104 63 48
0 206 79 43 35
0 102 106 56 51
0 66 94 48 51
0 62 76 43 35
0 1 73 34 54
0 50 44 28 30
0 103 44 34 33
0 144 65 36 34
0 179 49 29 29
0 212 36 29 29
0 140 21 21 24
0 35 21 24 22
0 9 20 23 22
