0 0.073 0.7387387387387387 0.058 0.1021021021021021
0 0.022 0.5930930930930931 0.036 0.09309309309309309
0 0.232 0.3033033033033033 0.04 0.06606606606606606
0 0.927 0.2927927927927928 0.046 0.06306306306306306
0 0.599 0.2972972972972973 0.042 0.04804804804804805
0 0.6 0.33633633633633636 0.036 0.042042042042042045
0 0.607 0.38738738738738737 0.046 0.06006006006006006
0 0.607 0.46846846846846846 0.046 0.06606606606606606
0 0.63 0.5855855855855856 0.052 0.09009009009009009
0 0.61 0.7357357357357357 0.06 0.1021021021021021
