0 0.144 0.24642126789366053 0.12 0.12474437627811862
0 0.27 0.25255623721881393 0.128 0.1329243353783231
0 0.401 0.2556237218813906 0.118 0.12269938650306748
0 0.5 0.3179959100204499 0.12 0.12474437627811862
0 0.611 0.2770961145194274 0.118 0.1165644171779141
0 0.743 0.3016359918200409 0.114 0.12474437627811862
0 0.864 0.278118609406953 0.12 0.130879345603272
0 0.223 0.36503067484662577 0.114 0.1165644171779141
0 0.332 0.4069529652351738 0.116 0.11860940695296524
0 0.437 0.3936605316973415 0.114 0.1165644171779141
0 0.564 0.43149284253578735 0.124 0.12269938650306748
0 0.688 0.4100204498977505 0.124 0.1083844580777096
0 0.796 0.3987730061349693 0.112 0.11860940695296524
0 0.746 0.5102249488752556 0.12 0.12883435582822086
0 0.612 0.5480572597137015 0.116 0.11860940695296524
0 0.505 0.5368098159509203 0.118 0.11247443762781185
0 0.39 0.5306748466257669 0.12 0.12883435582822086
0 0.274 0.4887525562372188 0.128 0.12678936605316973
0 0.316 0.5971370143149284 0.116 0.11042944785276074
0 0.444 0.6196319018404908 0.124 0.11451942740286299
0 0.56 0.647239263803681 0.104 0.1165644171779141
0 0.676 0.6226993865030674 0.112 0.11247443762781185
0 0.402 0.7034764826175869 0.108 0.10633946830265849
0 0.503 0.7147239263803681 0.11 0.11247443762781185
0 0.616 0.7147239263803681 0.104 0.10429447852760736
0 0.564 0.7832310838445807 0.104 0.08997955010224949
0 0.453 0.778118609406953 0.102 0.09611451942740286
0 0.512 0.8445807770961146 0.104 0.09815950920245399
