67
169 278 191 301
262 285 284 304
286 289 312 311
415 332 439 357
434 273 456 295
316 234 334 251
282 243 303 260
266 229 286 247
236 215 255 240
220 230 238 249
188 216 208 235
179 208 196 224
190 192 206 211
105 193 122 212
81 205 103 225
21 176 40 191
24 160 41 176
6 175 21 189
141 159 160 172
259 153 275 169
310 174 330 188
370 169 387 185
373 186 402 200
404 194 419 209
403 210 420 224
423 207 437 221
488 153 499 169
287 131 300 145
330 138 348 150
327 150 342 162
315 164 331 174
237 136 250 150
178 115 195 129
190 108 202 118
398 113 412 126
451 93 464 110
469 88 490 108
375 89 394 111
345 93 370 112
183 53 200 66
190 46 207 56
337 4 349 17
246 50 304 69
212 61 227 71
204 77 228 99
224 65 241 81
229 80 251 99
256 88 269 99
247 72 270 88
269 73 337 101
344 64 387 86
382 48 399 64
412 62 444 84
485 59 499 74
442 42 455 55
403 44 417 53
419 44 439 63
73 73 91 84
119 69 135 83
126 88 135 100
124 99 137 109
85 101 107 121
39 72 65 89
29 89 88 110
2 110 12 125
396 113 418 128
438 199 463 220
