36
28 195 124 292
172 236 272 329
255 196 345 281
168 151 239 213
271 130 346 193
291 81 341 125
390 284 494 331
396 221 490 299
376 176 451 249
409 144 475 206
446 121 498 177
399 85 457 134
470 70 500 109
456 43 484 73
484 27 499 55
436 18 461 38
385 22 410 43
373 42 397 66
364 75 401 110
283 46 317 72
325 2 344 17
272 64 299 97
193 104 256 152
206 79 249 114
102 106 158 157
66 94 114 145
62 76 105 111
1 73 35 127
50 44 78 74
103 44 137 77
144 65 180 99
179 49 208 78
212 36 241 65
140 21 161 45
35 21 59 43
9 20 32 42
